Accuracy: 0.7929181494661922
Recall: 0.4638655462184874
Precision: 0.6202247191011236
F1_score: 0.5307692307692308